0 0.4072265625 0.119140625 0.419921875 0.1279296875 0.4179687484375 0.1455078125 0.4228515625 0.146484375 0.455078125 0.1025390625 0.458984375 0.0693359375 0.4365234375 0.042968748437499996 0.4111328125 0.0390625 0.3828125 0.0595703125 0.376953125 0.1005859375 0.236328125 0.3603515625 0.2148437484375 0.4111328125 0.2148437484375 0.4208984375 0.2226562515625 0.4208984375 0.283203125 0.2880859375 0.375 0.1240234375 0.3857421875 0.115234375 0.4072265625 0.119140625
0 0.5517578125 0.0507812515625 0.5263671875 0.048828125 0.498046875 0.0732421875 0.4960937484375 0.1064453125 0.482421875 0.1416015625 0.5146484375 0.125 0.5351562515625 0.1357421875 0.5351562515625 0.1494140625 0.431640625 0.3779296875 0.427734375 0.4072265625 0.5390625 0.1591796875 0.576171875 0.1064453125 0.576171875 0.0751953125 0.5517578125 0.0507812515625
0 0.6611328125 0.06640625156249999 0.6298828125 0.06640625156249999 0.607421875 0.0888671875 0.6054687484375 0.1220703125 0.591796875 0.1572265625 0.6123046875 0.140625 0.6240234375 0.140625 0.6445312515625 0.1513671875 0.6445312515625 0.1650390625 0.5429687484375 0.3896484375 0.541015625 0.4130859375 0.6445312515625 0.1826171875 0.685546875 0.1220703125 0.685546875 0.0908203125 0.6611328125 0.06640625156249999
0 0.9111328125 0.0585937484375 0.8837890625 0.0585937484375 0.859375 0.0810546875 0.857421875 0.1142578125 0.845703125 0.1416015625 0.8759765625 0.1328125 0.896484375 0.1435546875 0.896484375 0.1572265625 0.787109375 0.3994140625 0.7734375 0.4326171875 0.779296875 0.4384765625 0.900390625 0.1669921875 0.9375 0.1142578125 0.9375 0.0830078125 0.9111328125 0.0585937484375
0 0.9365234375 0.5078125 0.9091796875 0.505859375 0.880859375 0.5322265625 0.880859375 0.5576171875 0.8671875 0.5908203125 0.8740234375 0.59375 0.8935546875 0.580078125 0.9150390625 0.587890625 0.919921875 0.6025390625 0.7851562515625 0.9013671875 0.783203125 0.9111328125 0.791015625 0.9130859375 0.919921875 0.6220703125 0.9609375 0.5615234375 0.958984375 0.5283203125 0.9365234375 0.5078125
0 0.5595703125 0.486328125 0.5283203125 0.4882812515625 0.505859375 0.5126953125 0.505859375 0.5400390625 0.494140625 0.5693359375 0.5224609375 0.560546875 0.544921875 0.5712890625 0.544921875 0.5849609375 0.4414062515625 0.8134765625 0.431640625 0.8408203125 0.439453125 0.8427734375 0.541015625 0.6103515625 0.5859375 0.5419921875 0.5859375 0.5126953125 0.5595703125 0.486328125
0 0.2802734375 0.458984375 0.2548828125 0.4570312515625 0.2392578125 0.4648437484375 0.224609375 0.4853515625 0.224609375 0.5126953125 0.212890625 0.5439453125 0.2431640625 0.533203125 0.263671875 0.5439453125 0.263671875 0.5556640625 0.1289062515625 0.8544921875 0.1289062515625 0.8642578125 0.1367187484375 0.8642578125 0.263671875 0.5751953125 0.3046875 0.5146484375 0.3046875 0.4833984375 0.2802734375 0.458984375
0 0.7822265625 0.06640625156249999 0.7548828125 0.06640625156249999 0.732421875 0.0849609375 0.7265625 0.1259765625 0.7148437484375 0.1513671875 0.6015625 0.3564453125 0.6044921875 0.361328125 0.611328125 0.3564453125 0.611328125 0.3466796875 0.724609375 0.1513671875 0.7412109375 0.140625 0.7626953125 0.1484375 0.767578125 0.1552734375 0.763671875 0.1748046875 0.634765625 0.4580078125 0.630859375 0.4697265625 0.6367187484375 0.4736328125 0.767578125 0.1826171875 0.8085937484375 0.1220703125 0.8085937484375 0.0927734375 0.7822265625 0.06640625156249999
0 0.4326171875 0.474609375 0.4072265625 0.470703125 0.3789062515625 0.4912109375 0.361328125 0.5576171875 0.263671875 0.7294921875 0.2148437484375 0.8349609375 0.2119140625 0.853515625 0.21875 0.8525390625 0.275390625 0.7275390625 0.365234375 0.5654296875 0.3857421875 0.546875 0.4091796875 0.5546875 0.4140625 0.5595703125 0.4101562515625 0.5810546875 0.279296875 0.8720703125 0.2851562515625 0.8779296875 0.4140625 0.5888671875 0.455078125 0.5283203125 0.455078125 0.4990234375 0.4326171875 0.474609375
0 0.2724609375 0.09765625156249999 0.2880859375 0.103515625 0.294921875 0.1181640625 0.2109375 0.3056640625 0.2070312515625 0.3193359375 0.212890625 0.3212890625 0.296875 0.1337890625 0.337890625 0.0712890625 0.330078125 0.0380859375 0.3115234375 0.0234375 0.2861328125 0.021484375 0.2578125 0.0439453125 0.25 0.0908203125 0.12109374843750001 0.3271484375 0.091796875 0.3955078125 0.09765625156249999 0.4033203125 0.162109375 0.2666015625 0.234375 0.1357421875 0.255859375 0.1025390625 0.2724609375 0.09765625156249999
0 0.7841796875 0.576171875 0.791015625 0.5888671875 0.716796875 0.7568359375 0.7148437484375 0.7646484375 0.720703125 0.7666015625 0.802734375 0.5869140625 0.830078125 0.5537109375 0.8320312515625 0.5224609375 0.8154296875 0.5 0.7861328125 0.4921875 0.7539062515625 0.5146484375 0.748046875 0.5576171875 0.6367187484375 0.7587890625 0.6132812515625 0.8095703125 0.619140625 0.8134765625 0.7421875 0.5869140625 0.7568359375 0.5703125 0.7705078125 0.5703125 0.7841796875 0.576171875
0 0.6435546875 0.576171875 0.6640625 0.5869140625 0.6640625 0.6005859375 0.587890625 0.7685546875 0.5820312515625 0.7880859375 0.587890625 0.7880859375 0.6679687484375 0.6103515625 0.705078125 0.5576171875 0.7070312515625 0.5302734375 0.6884765625 0.505859375 0.6552734375 0.5 0.6289062515625 0.5205078125 0.625 0.5576171875 0.490234375 0.8076171875 0.462890625 0.8740234375 0.46875 0.8798828125 0.515625 0.7763671875 0.619140625 0.5888671875 0.6298828125 0.578125 0.6435546875 0.576171875