0 0.7060546875 0.6330515859375 0.6630859375 0.6330515859375 0.65625 0.6364796640625 0.654296875 0.6570481265625 0.6591796875 0.6696177421875 0.69140625 0.66847505 0.7041015625 0.6673323578125 0.712890625 0.6570481265625 0.71484375 0.64333581875 0.7060546875 0.6330515859375
0 0.4814453125 0.6353369718749999 0.4716796875 0.6307662015625 0.4658203125 0.6216246625 0.4619140625 0.6216246625 0.458984375 0.6341942796875 0.447265625 0.6456212031249999 0.443359375 0.6593335109375 0.4501953125 0.6719031281250001 0.4638671875 0.67875928125 0.470703125 0.6776165890625 0.4892578125 0.6696177421875 0.509765625 0.6341942796875 0.5009765625 0.63762235625 0.4814453125 0.6353369718749999
0 0.5517578125 0.7724600578125 0.5419921875 0.7656039046875 0.533203125 0.76903198125 0.53125 0.7896004453125001 0.5361328125 0.79531390625 0.5849609375 0.8044554453125 0.6025390625 0.8113116 0.611328125 0.8101689078125001 0.6171875 0.7918858296875 0.6162109375 0.7793162125 0.6044921875 0.7861723671874999 0.5517578125 0.7724600578125
0 0.5498046875 0.6673323578125 0.5400390625 0.6696177421875 0.53515625 0.6753312046875 0.5390625 0.7096119765625 0.5419921875 0.7130400546875 0.5625 0.7118973625 0.591796875 0.7073265921874999 0.591796875 0.6867581281249999 0.5849609375 0.6673323578125 0.5498046875 0.6673323578125
0 0.4990234375 0.7518915953125 0.4892578125 0.7541769796875 0.4755859375 0.7678892890625 0.4697265625 0.7678892890625 0.466796875 0.7621758265625 0.4736328125 0.7496062109375 0.4658203125 0.7496062109375 0.4521484375 0.756462365625 0.4384765625 0.7541769796875 0.41796875 0.7758881359375 0.41796875 0.7941712140625 0.4267578125 0.8044554453125 0.4482421875 0.8204531390625001 0.45703125 0.8193104468750001 0.474609375 0.80102736875 0.4765625 0.7781735203125 0.4912109375 0.7656039046875 0.4990234375 0.7518915953125
0 0.7578125 0.7141827468749999 0.7548828125 0.7107546703125001 0.7431640625 0.7130400546875 0.7373046875 0.708469284375 0.7255859375 0.7107546703125001 0.7060546875 0.6993277453125 0.6904296875 0.6993277453125 0.6806640625 0.7038985156249999 0.671875 0.7141827468749999 0.66796875 0.7256096703125 0.673828125 0.7484635187500001 0.6943359375 0.76331851875 0.712890625 0.7621758265625 0.7265625 0.750748903125 0.734375 0.732465825 0.7412109375 0.7244669781249999 0.7578125 0.7141827468749999
0 0.8525390625 0.6010562 0.8056640625 0.571346196875 0.7919921875 0.5667754281249999 0.7822265625 0.5576338890625 0.7744140625 0.5576338890625 0.7666015625 0.56449004375 0.7578125 0.56334735 0.759765625 0.574774275 0.7548828125 0.5804877359375 0.7529296875 0.5782023515625 0.75 0.5839158140625 0.755859375 0.5884865828125 0.7607421875 0.60562696875 0.7822265625 0.6170538921875 0.8232421875 0.6467638953125 0.84765625 0.6456212031249999 0.857421875 0.629623509375 0.857421875 0.6090550453125 0.849609375 0.6067696609375 0.8525390625 0.6010562
0 0.654296875 0.5884865828125 0.646484375 0.55877658125 0.6376953125 0.54849235 0.6103515625 0.5462069656249999 0.5654296875 0.5782023515625 0.55859375 0.5862011984375 0.5546875 0.59991350625 0.546875 0.6067696609375 0.5732421875 0.6124831234375 0.580078125 0.6204819703125 0.578125 0.6273381234375 0.580078125 0.6341942796875 0.5947265625 0.6307662015625 0.6220703125 0.6147685078125 0.6455078125 0.5987708140625 0.654296875 0.5884865828125
0 0.3525390625 0.7793162125 0.3603515625 0.7861723671874999 0.36328125 0.785029675 0.359375 0.766746596875 0.3671875 0.7484635187500001 0.3671875 0.732465825 0.36328125 0.7210389015625001 0.3544921875 0.7107546703125001 0.3349609375 0.6993277453125 0.3154296875 0.6970423593749999 0.2998046875 0.70161313125 0.279296875 0.7210389015625001 0.2734375 0.7393219796875 0.275390625 0.7530342875 0.28125 0.7644612109375 0.3046875 0.787315059375 0.3134765625 0.7838869828125 0.3310546875 0.7838869828125 0.3408203125 0.7793162125 0.3525390625 0.7793162125
0 0.2802734375 0.6010562 0.2890625 0.5953427375 0.298828125 0.574774275 0.296875 0.419368109375 0.2890625 0.3942288765625 0.2763671875 0.379373875 0.2646484375 0.3748031046875 0.2568359375 0.361090796875 0.2509765625 0.3702323359375 0.2470703125 0.36794695 0.2197265625 0.3702323359375 0.2138671875 0.365661565625 0.2080078125 0.3748031046875 0.1962890625 0.379373875 0.185546875 0.38965810625 0.177734375 0.403370415625 0.173828125 0.419368109375 0.17578125 0.4330804171875 0.173828125 0.46736118906249996 0.177734375 0.476502728125 0.181640625 0.5839158140625 0.185546875 0.5930573531250001 0.2021484375 0.6101977390625 0.2138671875 0.6170538921875 0.234375 0.6181965843749999 0.2392578125 0.6147685078125 0.2568359375 0.6170538921875 0.2763671875 0.6079123531249999 0.2802734375 0.6010562
0 0.548828125 0.22053963125 0.5322265625 0.1965430921875 0.513671875 0.1862588609375 0.5107421875 0.1645477046875 0.509765625 0.17940270625000002 0.5068359375 0.1828307828125 0.4736328125 0.1828307828125 0.4697265625 0.187401553125 0.4541015625 0.191972321875 0.4375 0.2091127078125 0.4296875 0.2251104015625 0.431640625 0.250249634375 0.427734375 0.4330804171875 0.4296875 0.455934265625 0.435546875 0.471931959375 0.4599609375 0.4913577296875 0.4755859375 0.49592849843750003 0.505859375 0.49478580625 0.5263671875 0.484501575 0.544921875 0.45821965000000003 0.55078125 0.27767425156250003 0.548828125 0.22053963125
0 0.837890625 0.4307950328125 0.83984375 0.3645188734375 0.84765625 0.27310348281249996 0.84765625 0.2296811703125 0.8515625 0.218254246875 0.8515625 0.20454193906249998 0.84375 0.183973475 0.8291015625 0.1668330890625 0.8134765625 0.15769154999999999 0.79296875 0.1519780875 0.798828125 0.05142115781249999 0.7958984375 0.045707695312500005 0.7890625 0.0537065421875 0.7890625 0.092558084375 0.783203125 0.149692703125 0.7802734375 0.15312078125 0.7685546875 0.1508353953125 0.7470703125 0.15769154999999999 0.7275390625 0.171403859375 0.716796875 0.1885442453125 0.708984375 0.33709425625 0.70703125 0.3599481046875 0.703125 0.36680425781250003 0.705078125 0.3736604125 0.703125 0.38051656718750004 0.70703125 0.387372721875 0.705078125 0.423938878125 0.7109375 0.44222195624999994 0.7236328125 0.45707695781249996 0.7392578125 0.46850388125000003 0.7666015625 0.47764542031249996 0.783203125 0.476502728125 0.7978515625 0.47307465156250006 0.8193359375 0.4593623421875 0.83203125 0.44450734062499997 0.837890625 0.4307950328125
0 0.4404296875 0.7267523625 0.443359375 0.7256096703125 0.443359375 0.7210389015625001 0.427734375 0.70504120625 0.4296875 0.698185053125 0.427734375 0.68447274375 0.3779296875 0.6239100468750001 0.3720703125 0.6216246625 0.3623046875 0.6261954328125 0.3515625 0.6387650484375 0.349609375 0.6547627421875 0.3828125 0.698185053125 0.392578125 0.70504120625 0.4013671875 0.719896209375 0.4111328125 0.7176108234374999 0.4169921875 0.719896209375 0.423828125 0.732465825 0.435546875 0.7438927484375 0.435546875 0.7393219796875 0.419921875 0.71646813125 0.4248046875 0.7107546703125001 0.4404296875 0.7267523625